55 56 56 56 58 58 59 59 60 61 62 62 62 61 64 64 64 67 66 67 68 69 69 70 70 71 72 72 72 72 74 74 74 75 75 76 74 75 75 77 76 75 76 77 77 77 77 78 78 78 79 79 79 79 79 79 80 80 80 80 80 80 79 79 79 80 79 78 78 79 79 79 79 79 77 77 76 76 75 76 76 75 73 73 73 73 72 73 72 72 71 69 69 68 69 69 67 66 66 66 65 64 63 63 63 62 62 61 61 61 61 61 61 60 61 60 59 57 59 58 57 57 56 57 57 57 56 56 
56 57 57 57 59 61 61 60 60 62 64 63 63 63 64 65 64 67 66 67 68 69 69 71 72 71 72 73 74 74 74 75 76 76 76 77 76 77 77 77 77 77 79 78 79 79 79 79 80 80 80 80 80 80 81 80 80 81 80 81 82 81 80 80 80 80 80 81 81 79 80 80 80 80 79 79 79 79 77 77 77 77 75 75 74 74 75 75 74 73 72 72 71 70 70 69 68 68 67 67 67 65 65 64 63 62 62 63 62 62 62 61 61 61 61 61 59 59 59 58 58 58 57 57 57 56 57 56 
58 57 59 59 60 61 61 61 61 62 62 63 64 64 64 66 67 69 69 69 71 71 71 72 72 74 73 74 75 75 74 75 76 77 76 78 78 80 79 78 80 80 81 81 81 82 81 82 82 82 82 82 82 82 82 82 82 83 82 81 81 82 82 82 82 83 82 82 82 81 82 82 81 80 80 80 81 80 79 79 78 78 78 78 77 76 76 75 76 75 74 74 73 72 72 71 70 71 68 70 67 67 66 66 65 64 64 65 63 63 62 62 61 61 60 61 59 59 58 58 58 58 58 57 57 58 58 58 
57 60 59 59 61 62 62 62 63 63 64 64 65 65 67 68 68 69 70 71 72 72 72 73 73 74 75 75 76 76 77 78 77 78 79 79 80 81 79 80 81 81 81 81 82 82 81 82 82 82 83 83 83 83 84 84 84 84 84 84 84 84 84 84 84 84 84 83 83 83 83 83 83 83 82 82 82 82 82 82 80 80 80 80 80 79 79 77 77 77 76 76 74 74 74 73 72 73 70 70 69 67 67 68 66 65 65 65 66 65 64 63 62 64 62 61 61 60 60 60 59 59 58 59 59 58 57 59 
59 60 62 63 61 62 64 63 65 63 67 65 67 66 68 69 70 70 71 72 73 74 75 74 75 76 76 76 77 78 78 79 79 80 81 81 81 81 81 83 82 82 84 83 83 82 83 83 84 84 85 86 86 86 87 86 86 87 86 86 86 87 86 85 85 85 85 84 84 85 84 85 85 83 84 84 83 83 84 83 83 83 83 82 82 82 80 80 79 78 78 76 76 76 75 75 74 73 73 71 69 71 70 70 67 66 67 66 65 64 66 64 63 64 62 62 60 61 60 61 61 59 58 59 58 58 58 58 
61 62 63 62 62 63 65 63 65 66 67 67 68 68 70 70 71 71 73 73 74 75 75 75 76 77 78 77 78 79 79 79 80 79 81 81 82 83 82 83 84 83 84 84 84 84 86 86 86 86 87 88 87 87 88 88 88 88 89 88 88 88 88 87 87 87 87 88 87 86 86 86 86 86 86 86 85 84 84 85 85 84 85 83 83 83 81 82 82 80 80 78 78 78 78 76 76 76 74 73 73 71 72 70 69 68 68 68 67 68 66 66 66 64 63 63 62 61 61 61 61 60 60 60 59 59 59 59 
63 64 64 64 64 64 65 65 66 67 66 67 69 69 71 73 73 74 75 74 74 75 75 76 77 78 79 78 79 80 81 81 81 81 82 83 84 84 85 84 86 86 85 85 86 86 86 87 87 88 88 88 89 89 89 90 90 89 90 89 89 89 89 88 89 89 89 89 88 88 87 88 87 88 87 87 87 87 86 86 86 85 86 85 85 85 84 84 83 81 81 80 79 78 79 78 77 77 76 75 74 74 73 72 71 71 70 69 69 69 69 67 66 66 66 65 64 63 63 63 62 60 61 61 61 60 60 60 
63 64 63 64 65 65 65 66 67 67 69 69 70 72 73 74 75 76 76 76 76 76 77 78 78 79 81 80 81 81 81 83 84 85 84 85 85 85 85 85 86 86 86 86 86 87 87 88 88 88 88 89 89 89 90 90 90 90 90 90 91 90 90 90 90 90 89 90 89 89 88 88 88 88 89 88 88 88 88 88 88 88 88 86 86 85 85 83 85 83 82 82 81 80 79 80 78 77 77 77 76 76 74 74 73 72 71 71 69 69 68 68 68 67 67 66 65 65 64 64 64 63 61 63 62 62 61 61 
63 64 64 66 67 67 67 68 69 69 70 70 71 72 74 74 75 75 76 77 77 78 78 79 80 80 82 81 83 83 83 84 84 85 86 86 85 86 86 87 87 88 87 88 87 88 88 89 89 89 89 89 90 89 90 90 91 90 90 90 90 89 90 90 90 89 89 89 90 89 89 88 89 89 89 89 88 88 88 88 87 87 87 87 86 85 85 84 85 85 84 83 82 83 81 80 80 79 78 78 78 76 76 75 74 72 71 71 70 69 69 69 69 69 67 67 66 65 65 64 63 64 63 63 63 63 62 61 
64 64 65 66 67 67 69 70 70 70 71 72 72 74 75 75 76 76 77 78 78 79 80 81 82 82 83 84 86 84 85 85 86 86 88 88 87 87 87 89 89 89 88 89 90 89 89 89 89 90 90 90 90 91 90 90 91 91 90 90 90 90 92 91 91 90 91 91 90 90 90 90 89 89 89 89 89 89 88 88 88 88 89 87 88 87 86 86 86 86 85 85 84 83 82 82 81 81 80 79 79 78 77 76 74 74 74 73 72 71 70 70 69 70 69 69 67 67 65 65 63 64 64 64 63 62 62 62 
64 65 65 66 66 68 68 71 70 72 73 73 74 74 75 76 77 77 77 80 79 79 81 81 83 83 84 84 85 86 86 87 88 88 89 90 90 90 91 91 90 90 90 90 91 92 90 90 90 90 91 91 91 91 90 90 91 90 91 91 91 92 92 92 92 91 92 93 91 91 90 90 90 91 90 90 90 90 89 90 90 89 91 90 90 89 89 88 88 88 87 87 86 85 84 83 83 82 82 81 80 79 78 76 76 76 75 74 73 73 73 72 72 70 71 69 68 68 67 67 64 64 64 65 64 62 63 62 
64 65 65 66 68 70 70 72 72 73 74 74 75 75 77 78 78 77 80 79 81 80 81 83 84 83 85 85 86 88 88 89 90 92 90 90 91 92 92 92 92 92 92 91 91 93 91 92 91 91 91 91 91 92 92 92 92 91 91 91 93 92 92 92 92 92 91 93 93 91 91 91 91 91 92 92 91 92 91 91 91 90 93 91 90 91 90 89 89 89 88 87 88 87 87 86 84 84 83 82 82 80 80 79 78 77 77 77 75 74 74 73 73 72 71 71 69 70 68 68 67 66 66 66 65 64 63 62 
66 67 68 69 70 70 71 71 73 73 75 76 76 78 78 79 78 80 81 81 82 82 84 85 85 85 87 87 88 88 90 92 92 93 92 93 93 94 94 93 94 94 94 93 94 94 95 94 93 94 93 92 91 92 93 92 93 93 93 93 93 93 93 92 93 93 92 92 93 93 92 93 93 92 92 93 94 93 94 93 93 91 92 91 93 93 92 92 92 90 91 91 90 88 89 87 86 85 84 83 83 82 81 81 80 79 79 78 77 76 75 74 74 74 72 72 71 71 71 69 68 68 67 66 65 65 64 64 
66 67 69 69 71 72 73 73 74 74 76 76 77 78 78 79 81 81 82 82 84 85 85 86 86 88 89 89 90 90 91 92 93 94 93 94 94 94 94 94 94 94 95 95 96 95 94 94 90 87 91 94 96 94 93 94 94 94 95 94 94 95 90 59 47 59 86 95 95 94 94 94 93 94 93 93 93 93 94 93 94 94 94 93 94 94 93 93 92 92 92 92 93 91 90 89 89 87 86 85 84 84 83 82 81 81 80 80 78 79 77 76 74 73 73 73 72 71 71 70 69 69 67 67 66 66 65 64 
68 68 69 70 72 74 73 75 74 75 76 77 78 79 80 80 81 82 83 84 86 87 87 88 89 90 91 91 92 93 93 94 94 95 95 94 95 95 94 94 94 94 94 94 95 94 77 40 27 23 28 61 94 94 95 96 96 96 96 96 96 90 28 17 15 17 23 65 96 94 95 95 94 94 94 94 94 94 95 94 95 95 95 94 94 94 94 94 94 94 93 92 91 91 91 89 89 89 87 87 86 86 84 83 82 82 82 81 80 80 78 77 77 75 74 73 71 72 72 70 70 70 68 68 67 66 66 65 
70 70 70 72 72 74 74 76 76 77 77 78 80 81 81 82 83 84 85 87 88 88 89 89 90 91 93 93 94 95 94 94 94 96 97 96 96 96 96 96 96 96 96 96 97 95 28 19 17 18 18 19 72 98 97 97 97 97 98 99 94 33 16 15 17 18 17 19 88 97 97 96 97 96 96 96 96 96 95 95 95 95 95 95 94 95 94 94 95 94 93 93 92 92 91 90 89 89 88 89 88 87 86 85 85 83 82 81 81 80 78 77 78 78 75 74 73 72 71 71 71 70 69 69 68 68 67 66 
70 71 71 73 73 76 76 77 78 78 78 79 81 81 84 84 85 86 86 87 88 89 89 91 91 93 93 93 95 96 95 96 96 97 98 97 98 98 98 98 97 97 97 97 98 92 21 16 18 17 16 17 23 99 101 100 100 101 101 101 53 15 16 19 19 19 16 17 51 99 99 98 98 98 97 98 97 98 96 96 95 95 96 96 95 96 96 94 95 94 93 94 93 92 92 91 91 90 89 89 88 88 87 87 85 84 83 82 82 81 80 79 80 79 77 75 74 75 73 73 72 71 70 70 68 68 68 66 
71 72 73 74 75 75 76 76 77 78 80 80 81 82 85 86 87 88 88 89 90 89 91 92 92 93 94 95 95 96 96 96 97 98 98 98 98 100 99 99 99 99 99 99 100 85 18 16 16 17 16 17 21 95 103 102 103 102 104 101 25 15 19 19 19 21 18 17 33 103 101 101 100 99 100 99 99 99 98 97 97 97 97 97 96 96 96 96 96 96 95 95 95 94 94 93 92 92 89 91 90 89 87 87 86 85 85 84 82 82 80 80 80 79 78 76 75 74 73 72 73 73 71 70 68 69 68 67 
71 74 75 76 75 76 77 78 79 80 81 82 83 84 85 86 87 89 90 89 89 90 92 92 93 94 95 96 96 96 97 97 99 99 98 99 100 101 101 102 101 101 100 101 102 84 18 18 17 16 16 16 24 98 104 104 105 105 104 95 18 17 18 18 20 19 18 17 54 102 102 102 101 102 101 101 100 100 100 100 99 98 98 98 98 98 98 97 97 96 96 96 96 95 94 94 93 93 93 92 91 89 89 88 87 86 86 86 85 84 81 81 80 81 79 78 77 75 75 73 73 73 71 71 70 69 68 68 
72 74 75 76 76 77 78 79 80 80 83 83 84 85 86 86 89 89 92 92 92 93 93 93 95 96 97 96 96 99 97 100 100 100 101 100 101 101 103 103 102 103 102 103 103 78 22 19 17 15 14 16 25 103 107 106 106 106 108 79 17 18 19 19 22 19 18 17 79 104 103 103 103 103 103 103 102 103 102 101 101 101 100 99 99 99 100 99 99 98 98 97 97 96 95 95 96 94 94 93 93 91 90 90 89 89 87 86 85 85 83 82 81 81 80 78 76 76 75 74 73 73 73 73 71 70 69 68 
73 75 76 76 77 80 80 81 82 83 83 83 84 86 86 88 89 90 92 93 94 94 95 95 97 99 99 99 99 100 101 101 100 100 101 102 103 102 104 104 104 104 104 106 105 91 22 19 15 14 15 24 30 107 108 108 108 109 107 28 18 22 21 18 22 18 16 15 99 106 107 107 106 105 105 106 105 104 104 104 103 103 102 102 102 101 101 101 100 100 99 99 98 97 97 97 96 95 95 94 93 92 90 90 90 90 88 88 87 86 84 83 82 82 80 81 80 79 78 77 75 75 73 73 72 71 70 70 
74 76 76 77 78 80 80 82 81 84 85 84 85 87 87 89 90 92 93 94 94 95 96 97 98 98 100 99 100 102 102 103 101 102 102 103 104 105 105 105 105 106 106 108 107 108 34 23 20 19 22 29 85 109 110 111 110 110 110 32 27 22 23 22 20 16 15 42 107 109 110 108 108 107 107 108 107 107 105 106 105 104 104 103 104 103 102 102 102 101 100 100 100 99 98 98 97 97 96 95 94 93 92 92 91 91 89 88 87 86 83 84 83 81 80 80 80 79 78 78 77 76 74 74 72 71 71 69 
76 77 79 77 77 80 81 82 83 84 85 85 88 88 89 90 91 93 94 95 95 95 96 98 99 101 100 101 101 103 104 103 103 104 104 105 105 105 105 106 106 107 107 108 108 110 96 41 30 33 39 85 107 112 112 111 111 111 111 102 33 23 28 28 21 19 23 103 110 111 110 110 110 110 109 109 109 108 108 107 106 106 106 105 105 105 104 103 103 102 102 102 102 101 100 99 99 98 98 97 95 94 93 93 92 92 89 88 88 88 87 85 84 82 82 81 81 79 78 78 79 78 76 76 74 73 73 71 
76 77 78 79 80 81 83 83 83 84 86 86 88 89 91 92 93 94 95 95 96 96 98 98 101 101 100 102 102 104 104 104 104 105 106 106 106 106 106 107 107 109 109 110 110 110 110 108 98 99 105 108 113 114 113 113 113 112 112 111 86 30 37 36 23 29 94 112 113 111 111 112 111 111 110 111 110 109 109 109 108 108 106 107 106 106 106 105 105 104 104 104 103 102 101 100 101 99 98 97 97 96 94 94 93 92 91 89 89 89 88 87 86 86 83 81 82 81 80 80 80 78 77 77 74 74 74 73 
77 78 78 80 81 82 83 84 84 86 88 88 88 89 92 93 95 95 96 96 97 96 99 99 101 101 102 102 103 103 104 104 105 106 107 107 107 107 108 108 108 109 110 112 112 113 114 112 112 112 111 114 114 114 114 113 114 113 113 115 113 99 77 72 83 106 113 113 111 112 113 113 112 112 111 112 111 111 111 110 110 110 108 108 107 107 107 107 107 106 105 105 104 103 103 102 101 100 99 100 99 97 96 95 94 93 92 91 90 89 90 88 87 85 85 83 82 82 80 80 80 79 78 78 76 75 75 73 
78 79 80 82 81 83 84 85 86 87 89 89 90 91 93 93 95 95 97 96 99 99 101 100 101 103 103 104 103 104 105 106 106 106 108 109 110 109 109 110 111 111 113 113 113 114 114 114 113 115 116 115 116 116 116 115 115 114 115 113 115 113 112 113 114 114 114 114 113 113 113 113 114 112 113 113 113 111 111 111 109 111 109 109 109 108 107 107 107 107 107 106 105 104 105 103 102 101 101 100 99 99 97 96 95 95 94 93 91 91 90 88 87 87 85 84 83 82 82 80 80 80 79 79 77 76 77 74 
80 81 82 83 83 83 84 85 86 88 90 91 91 92 93 94 94 96 98 99 100 101 101 101 101 103 104 106 105 106 106 107 107 108 109 108 110 110 110 112 111 113 114 109 72 49 51 76 113 116 117 117 117 117 117 117 116 116 116 116 116 116 116 116 116 116 116 116 116 115 114 114 113 113 112 113 112 111 111 113 111 111 110 110 109 108 109 108 107 108 108 106 106 105 105 103 104 102 103 101 100 99 98 97 97 96 95 94 92 91 91 90 88 87 87 85 83 83 82 81 81 82 79 79 78 77 76 75 
81 82 83 84 85 84 86 88 88 90 90 91 92 93 95 96 95 96 98 100 101 102 101 102 103 104 105 106 106 106 106 107 108 109 111 112 112 112 114 113 115 113 108 29 23 18 18 19 48 116 117 118 117 118 117 117 117 116 117 117 117 117 117 117 116 117 117 117 116 116 114 114 114 110 112 112 112 111 112 113 113 113 112 111 111 110 108 109 109 109 108 107 107 107 106 105 105 103 103 101 101 100 100 98 97 97 97 95 94 93 90 90 90 89 87 86 85 84 84 82 81 81 81 80 80 79 77 78 
81 82 83 85 86 87 87 87 88 89 91 91 92 94 96 96 97 99 100 101 102 103 103 103 103 104 107 106 107 107 107 109 112 112 113 112 114 114 116 116 115 107 26 16 20 17 20 19 21 103 116 118 119 119 118 118 118 119 119 118 119 119 119 118 118 118 117 116 117 117 115 114 69 29 30 31 66 112 114 111 113 113 111 112 112 112 112 110 110 108 109 109 108 107 107 107 106 105 104 103 101 100 100 99 98 97 97 96 95 93 92 92 89 89 88 88 85 84 83 82 81 82 82 80 80 79 79 76 
82 84 85 86 87 88 88 90 90 91 93 92 94 95 97 97 98 100 101 101 104 104 103 105 106 106 108 108 109 110 110 113 114 114 114 114 115 114 115 116 117 40 18 20 18 16 19 20 19 49 119 119 118 118 119 118 118 119 119 118 120 120 119 119 119 119 119 118 117 118 117 61 22 22 26 20 23 49 113 115 114 113 113 114 113 113 111 111 110 110 110 109 109 110 108 108 106 105 105 105 102 102 102 100 99 99 97 97 96 94 94 93 90 90 89 88 86 85 84 84 83 83 81 81 81 80 79 77 
82 85 86 87 87 87 90 90 90 92 93 94 96 96 97 98 100 100 101 102 104 104 105 106 106 107 109 111 111 112 113 114 114 115 114 116 115 116 116 117 118 22 21 19 21 18 18 18 17 42 119 119 119 120 120 119 120 119 119 121 120 121 120 121 120 120 119 118 118 116 78 24 29 21 24 28 21 21 81 115 115 115 114 113 113 112 113 113 111 111 112 111 109 109 109 94 33 35 36 61 100 103 103 101 101 100 99 97 96 95 95 93 92 90 89 88 86 85 84 83 83 82 80 81 81 80 79 78 
84 85 86 88 89 89 90 91 92 93 93 94 95 98 99 101 101 103 104 105 105 105 106 107 108 109 110 112 112 112 114 114 116 116 114 115 117 117 118 119 120 21 19 22 18 17 19 18 19 52 120 121 120 120 120 120 120 120 121 121 120 120 120 120 120 120 120 120 119 109 26 21 22 25 21 27 21 18 28 116 115 115 115 114 113 114 114 112 113 112 112 112 111 109 109 37 21 17 16 18 38 101 104 102 101 101 100 99 97 96 95 94 93 93 91 89 88 86 85 84 84 84 82 81 80 80 80 78 
85 86 87 88 90 90 92 93 93 94 96 96 97 100 101 102 103 103 106 106 107 107 108 109 110 111 111 112 113 113 114 114 116 117 116 116 118 117 119 120 119 47 20 20 18 17 19 18 18 103 120 121 120 120 120 119 120 121 121 121 121 120 120 121 121 121 121 121 122 82 22 22 21 21 23 26 24 22 22 116 116 116 115 116 114 114 112 112 112 113 113 113 111 111 90 24 19 16 17 18 20 50 105 103 102 102 101 99 98 97 96 95 94 94 92 90 88 87 85 85 84 85 83 82 81 80 80 79 
85 87 89 89 90 91 93 93 93 95 96 99 99 102 102 103 105 106 106 107 108 109 110 111 112 111 112 113 114 114 114 116 116 118 117 118 118 119 119 119 119 93 22 20 21 19 20 19 52 119 119 121 122 122 122 122 121 122 121 122 120 118 120 121 121 121 121 121 121 80 25 21 22 21 21 22 25 29 23 118 117 116 116 116 100 61 48 47 63 99 113 112 113 112 42 23 16 19 17 20 21 22 102 104 103 103 102 101 100 99 97 96 96 94 93 92 89 87 87 86 84 84 84 83 81 81 80 80 
87 89 90 88 91 93 92 93 96 97 99 100 101 102 103 103 105 107 107 107 110 111 112 111 111 112 112 115 114 116 116 116 117 118 117 120 119 119 119 120 120 119 35 25 24 26 23 46 117 121 121 122 122 122 123 123 123 119 102 73 33 28 35 86 121 124 123 122 123 112 32 34 29 24 24 25 36 36 60 119 117 118 118 93 25 24 26 23 23 25 81 113 113 114 31 20 21 17 19 23 25 20 99 105 105 105 103 103 102 101 100 98 96 97 95 93 91 92 89 87 85 84 84 82 80 82 82 81 
88 89 91 90 91 93 95 95 98 98 100 100 103 103 105 103 105 107 109 111 111 111 113 114 113 114 113 116 118 118 118 118 120 119 119 119 119 119 120 120 121 120 112 32 25 28 83 117 122 120 121 123 122 123 123 123 116 33 20 19 24 21 22 23 56 122 125 124 124 121 30 38 47 45 37 42 38 33 114 119 121 117 119 25 30 25 21 22 25 20 21 90 112 108 28 24 20 21 21 23 25 22 103 107 106 104 105 104 103 101 100 99 97 97 96 94 93 91 91 89 89 84 84 83 82 82 81 81 
88 90 91 91 93 94 95 97 100 100 101 102 103 104 105 105 107 108 111 112 112 112 113 114 114 115 116 118 119 118 117 118 117 80 34 40 107 120 120 121 121 121 124 120 105 110 117 123 124 125 123 124 123 125 124 123 31 22 23 24 25 24 22 21 22 104 125 122 123 123 113 63 55 41 34 33 69 114 119 119 119 120 118 25 34 23 22 26 27 21 23 30 113 113 33 31 19 22 24 24 22 30 107 109 107 106 105 105 104 103 101 100 99 99 98 96 95 92 92 90 89 87 85 84 84 83 83 81 
89 91 92 93 93 94 96 97 100 100 101 102 103 105 106 106 108 110 112 112 113 113 115 115 116 116 119 120 121 121 121 119 54 22 24 22 25 88 122 124 124 124 126 121 120 121 123 124 125 125 125 124 125 126 125 89 25 24 25 25 25 22 23 25 21 69 124 126 123 122 121 121 117 113 114 116 121 122 119 120 121 120 119 22 33 21 23 31 28 24 25 23 79 113 55 33 25 23 24 23 29 40 109 108 108 108 107 105 105 103 102 100 99 100 99 97 95 94 91 91 89 88 86 84 83 83 82 81 
89 91 93 93 94 95 99 98 101 101 103 103 105 106 107 107 109 111 113 113 113 114 115 117 117 118 120 120 121 122 123 67 22 20 22 25 25 30 119 125 126 126 126 125 126 126 127 127 125 126 126 125 127 127 128 40 26 22 26 25 23 21 23 27 23 63 127 126 125 125 126 125 125 123 123 123 123 122 122 122 123 122 120 28 38 19 22 25 25 33 27 25 79 115 108 41 29 29 26 26 23 96 110 108 109 107 106 105 104 103 103 101 100 99 98 98 95 94 93 90 89 88 87 85 83 82 82 80 
90 92 93 93 94 97 99 100 101 102 104 104 105 107 108 109 110 112 113 113 113 115 117 118 117 119 121 121 121 123 111 29 21 21 22 24 26 29 85 126 127 127 128 128 128 126 128 128 127 128 128 128 128 129 130 25 24 24 24 25 25 28 26 26 26 99 127 129 127 126 127 126 125 125 125 124 124 124 124 124 123 126 123 76 33 24 21 26 25 29 25 26 90 116 115 107 69 39 33 46 86 110 110 109 109 108 108 107 105 104 104 102 102 100 99 98 96 94 93 91 90 89 88 85 85 84 82 81 
91 93 94 95 96 98 99 100 102 104 104 105 106 108 109 112 112 113 114 113 116 117 118 120 119 120 121 122 123 123 50 25 24 22 25 25 25 29 42 129 130 129 128 129 129 129 130 131 129 130 130 130 129 131 131 39 25 26 25 27 27 29 28 26 24 128 129 129 128 129 128 127 128 126 125 126 126 127 125 125 125 125 124 117 35 38 26 25 25 29 24 24 109 120 117 115 112 107 106 110 111 112 112 111 110 109 109 107 107 105 104 103 103 101 99 99 96 95 94 92 91 89 88 87 86 84 84 83 
91 93 95 96 97 98 100 101 102 104 104 107 108 109 110 111 113 114 115 116 118 119 119 121 121 122 123 123 125 120 29 24 24 23 24 27 31 30 31 129 130 130 131 131 130 131 132 131 131 131 131 132 131 133 132 105 33 34 32 32 32 37 31 27 63 130 133 131 130 130 130 129 130 128 127 128 126 127 126 127 127 126 128 123 94 30 37 27 26 28 29 37 119 119 118 119 118 117 115 114 113 111 113 113 111 111 110 109 107 106 106 104 103 102 100 99 97 96 95 94 93 91 89 90 87 85 85 84 
93 94 95 96 99 101 100 102 103 105 106 107 107 109 111 113 113 114 114 117 118 119 120 121 121 122 123 124 124 103 27 32 26 24 25 25 32 31 40 131 131 131 131 131 131 131 132 132 131 132 133 133 133 134 135 129 40 39 43 45 52 44 43 55 130 132 133 133 132 130 131 131 128 130 129 128 127 128 127 129 128 127 127 127 123 71 32 38 30 33 32 88 121 121 122 120 120 117 117 116 115 115 114 113 112 112 110 109 108 106 107 105 104 104 102 101 99 97 96 95 94 93 90 89 89 86 87 86 
94 94 97 98 100 101 102 103 104 104 106 106 108 111 112 113 115 116 117 119 118 120 120 122 122 123 123 124 126 87 27 31 36 31 31 26 28 30 74 132 131 130 132 132 133 132 132 132 132 133 132 133 133 134 135 135 131 130 130 130 132 132 132 132 135 134 134 134 134 133 132 132 130 132 131 131 130 130 131 131 129 128 129 128 127 124 52 35 39 39 55 123 121 123 120 122 120 116 117 117 117 117 114 115 114 113 111 110 109 109 108 106 105 105 103 102 100 98 97 95 95 93 91 90 89 89 86 85 
94 96 97 98 100 100 102 103 105 106 107 108 110 112 113 113 116 117 117 118 118 119 122 123 123 125 125 125 126 87 25 31 34 34 33 28 28 28 101 131 132 132 133 133 133 132 133 133 134 133 134 135 136 135 136 137 133 134 135 135 136 136 137 137 136 136 135 134 135 134 134 135 133 133 133 133 132 132 132 131 131 130 128 129 128 126 120 65 47 114 120 125 124 122 122 121 118 121 121 117 117 117 116 116 114 114 114 112 111 110 107 106 106 105 104 102 100 100 98 97 95 93 92 91 89 88 87 86 
95 96 98 100 101 102 104 104 105 105 108 110 111 111 113 114 117 117 117 118 120 121 122 124 124 125 126 126 126 106 25 36 37 36 32 29 30 33 115 133 132 133 134 133 133 133 133 133 132 134 124 79 134 135 135 134 136 136 136 137 137 137 137 137 136 136 135 135 135 134 133 134 135 133 133 133 132 133 132 131 130 129 130 131 130 128 127 122 122 126 126 125 125 123 123 121 121 121 118 119 117 117 116 116 114 114 113 113 112 111 109 108 107 106 103 103 101 100 98 98 94 94 92 91 89 89 88 87 
95 98 99 100 101 104 105 105 107 108 110 112 113 112 114 114 117 118 118 120 120 122 124 126 125 126 127 126 128 124 32 35 39 40 36 36 46 38 125 132 132 132 133 134 135 134 135 135 100 50 30 22 89 135 136 136 136 137 137 137 138 137 137 138 137 136 136 136 135 134 135 134 135 134 134 135 135 135 134 133 132 131 130 131 131 131 130 128 128 128 127 127 121 89 50 38 35 51 112 119 119 118 117 117 116 115 114 113 112 111 109 108 107 105 103 102 102 100 100 97 97 95 94 92 90 89 89 87 
97 99 100 100 102 103 105 108 107 109 111 112 113 114 114 117 118 119 121 122 122 122 124 125 126 126 127 128 128 129 95 30 41 44 45 48 54 59 131 132 133 133 134 133 135 134 136 87 21 18 19 21 23 115 136 137 138 138 137 137 137 137 138 137 138 137 135 135 136 134 135 135 134 134 135 134 135 135 135 134 133 132 132 132 131 131 131 130 129 130 108 49 31 25 27 24 25 24 36 110 119 119 118 117 116 116 115 114 113 112 111 108 108 106 105 104 101 101 100 98 96 97 94 93 92 90 89 87 
98 100 100 102 102 104 105 108 109 109 112 112 113 115 115 118 118 119 121 123 123 124 125 125 127 127 128 129 129 130 128 105 69 72 76 81 113 131 133 132 134 134 135 135 135 136 120 20 19 18 20 19 21 29 125 137 137 137 137 137 137 137 139 137 138 136 138 137 130 130 135 136 137 136 135 136 134 135 135 134 134 133 133 132 132 132 131 132 130 131 48 21 20 21 20 18 22 31 29 39 117 120 118 119 117 116 116 114 113 113 111 110 109 107 106 105 103 101 101 99 98 96 95 93 93 90 89 88 
97 99 101 101 104 104 106 108 109 111 113 113 114 115 116 117 120 120 121 123 123 125 126 126 126 127 127 129 128 130 131 131 131 131 131 131 134 135 133 134 134 135 135 136 135 136 42 18 18 19 20 20 20 22 39 135 138 139 138 138 138 138 139 139 137 138 131 65 30 28 32 63 104 130 135 135 136 135 135 135 133 133 133 134 133 132 131 132 130 132 45 24 20 17 17 19 21 24 37 29 99 119 119 120 118 116 117 116 114 113 111 110 109 108 106 105 103 102 102 99 98 97 95 94 93 91 89 89 
98 100 102 103 104 106 107 108 111 112 113 114 115 115 116 118 120 121 123 123 123 125 125 126 128 128 130 131 131 131 131 133 132 133 133 133 134 136 134 134 135 136 136 136 136 133 21 20 21 21 22 27 24 22 32 78 140 139 139 138 139 139 139 139 138 138 42 29 23 21 22 24 26 34 97 134 136 135 136 135 135 135 134 134 134 134 132 132 131 131 29 23 20 19 18 19 22 22 26 30 81 119 119 120 119 117 117 116 115 114 112 111 109 108 106 105 103 103 102 100 97 97 96 95 94 93 90 89 
98 101 101 104 106 107 107 110 112 112 115 114 117 118 117 120 121 122 122 124 125 126 126 128 129 129 130 130 130 131 132 132 134 133 133 135 135 135 135 135 135 136 137 138 137 127 22 20 20 21 21 29 31 23 27 28 138 140 140 140 139 139 140 140 137 109 35 22 20 18 21 20 22 25 27 81 138 138 136 137 136 137 136 134 134 134 134 135 133 131 31 22 21 20 20 20 23 20 24 24 78 123 121 121 120 118 118 116 116 115 113 112 111 109 107 106 104 103 102 100 100 99 98 96 95 93 92 90 
98 100 102 104 106 107 110 110 113 113 115 115 117 118 119 119 121 122 123 124 125 126 128 129 130 131 130 131 131 132 132 133 134 133 134 135 135 136 136 136 137 137 137 137 138 132 22 21 21 21 24 23 23 23 27 33 127 140 141 142 141 140 140 140 141 58 36 26 21 31 24 18 21 24 24 36 136 138 138 138 136 136 136 136 135 135 135 135 133 133 53 24 21 22 22 25 26 21 24 27 75 124 122 121 120 120 118 117 115 114 114 112 112 111 108 107 105 104 103 101 100 100 98 95 94 94 92 91 
101 103 102 105 106 108 110 112 112 113 115 116 117 117 121 121 122 122 124 124 126 127 128 130 130 131 131 132 132 133 133 134 135 134 134 134 135 136 136 136 137 136 137 138 139 139 46 22 22 23 24 24 24 22 25 30 114 141 142 142 142 141 141 141 139 31 30 29 27 27 23 24 22 25 25 27 132 138 138 137 137 137 136 135 134 136 134 134 134 133 102 37 28 21 22 23 24 23 24 24 99 124 122 122 120 120 118 117 114 114 114 113 112 111 108 108 106 105 103 101 100 100 98 96 94 94 92 91 
102 102 104 106 107 109 110 112 113 115 114 116 118 118 121 122 123 124 125 126 127 129 129 130 131 131 131 133 134 134 133 134 135 133 134 135 135 137 137 137 137 137 138 138 138 137 124 22 24 24 24 24 23 23 35 27 122 142 142 141 141 141 142 142 142 34 30 29 29 26 25 27 28 29 25 33 138 138 138 138 137 136 136 136 136 135 136 135 135 133 132 52 35 35 21 23 25 28 25 45 124 123 123 123 122 120 119 117 116 115 114 113 112 111 110 108 107 104 104 103 101 100 99 97 96 94 93 92 
102 103 104 107 108 109 111 112 113 115 116 117 119 120 121 123 123 125 125 127 128 130 129 130 131 131 132 133 132 134 134 134 134 134 135 135 135 136 137 137 137 137 138 138 139 140 139 60 24 26 26 23 28 24 31 25 133 142 142 141 142 143 143 143 142 71 35 39 37 29 30 30 29 26 28 91 139 139 139 138 137 137 137 135 136 135 136 135 135 134 133 122 51 51 29 28 26 25 32 117 125 124 123 123 121 121 120 119 117 116 116 115 113 111 111 110 108 106 104 103 102 101 100 97 97 95 93 93 
103 104 105 107 108 109 112 113 115 116 118 118 120 122 122 122 123 124 125 127 128 129 130 130 131 132 132 133 133 135 134 136 136 136 136 136 136 136 137 137 138 138 138 139 139 139 138 133 37 26 27 30 30 32 25 44 144 142 142 142 142 142 143 143 143 124 37 46 36 31 35 35 31 30 54 139 140 139 139 138 139 136 138 136 136 136 134 133 134 134 132 131 126 96 70 63 69 105 124 125 126 125 124 122 122 122 120 119 119 117 116 115 115 113 112 110 109 106 104 103 102 101 100 98 97 96 94 93 
103 105 106 107 108 111 112 112 116 116 118 119 119 121 122 123 124 125 127 128 129 129 131 132 131 133 134 133 136 136 136 135 137 137 137 136 135 136 139 138 137 123 109 114 136 139 140 139 137 50 27 38 41 32 40 130 143 143 142 142 143 144 143 144 143 143 52 37 38 41 46 46 41 67 139 142 141 140 140 139 137 138 137 124 97 104 124 135 134 134 134 132 131 128 129 128 128 127 128 127 127 126 126 123 123 122 122 120 121 119 116 116 115 113 112 111 111 107 105 104 102 101 100 98 98 96 95 93 
103 104 106 108 110 113 113 114 116 117 118 118 120 122 123 123 125 127 128 128 129 130 131 132 133 136 136 133 136 136 138 137 137 137 137 138 138 138 137 137 83 32 30 30 46 126 140 141 138 138 118 89 87 106 140 143 141 142 142 143 144 143 144 145 144 143 139 49 36 45 48 43 74 140 142 141 143 141 141 141 141 138 99 26 21 23 25 70 120 135 133 134 131 130 133 132 130 128 128 128 127 127 126 125 123 123 123 121 120 120 118 116 115 114 113 111 109 108 107 106 103 102 101 99 99 96 94 94 
103 104 105 107 110 111 113 115 115 116 118 118 120 122 123 124 126 128 128 129 131 132 133 133 136 136 135 135 136 138 137 137 137 138 140 138 139 139 139 86 31 27 21 28 29 31 132 141 140 140 137 140 141 141 144 145 143 143 144 146 144 145 145 145 145 144 144 145 120 106 115 141 140 141 144 143 142 142 140 140 140 122 24 21 24 20 22 23 20 121 131 133 131 133 132 131 132 129 131 128 126 126 126 125 124 124 124 123 120 119 118 117 116 115 113 112 111 110 106 106 104 102 101 100 98 97 95 93 
103 105 108 109 111 112 113 115 116 117 119 118 120 122 125 125 127 128 129 130 132 133 134 134 134 136 136 135 136 138 138 139 139 138 140 141 140 140 120 36 28 29 27 29 30 28 33 141 142 140 143 144 144 144 143 144 143 145 144 145 146 145 145 146 146 147 147 147 147 144 143 143 143 143 144 143 142 142 142 141 137 39 27 26 24 25 22 22 22 33 131 133 132 132 132 132 132 130 130 128 127 127 125 125 124 125 123 122 121 120 117 117 116 115 113 111 111 109 108 106 104 103 101 100 98 97 95 95 
106 107 108 109 111 112 114 117 116 118 119 120 121 123 125 127 126 129 129 131 131 133 134 136 135 138 138 138 138 139 139 139 140 140 140 140 141 142 48 36 30 32 28 28 28 30 31 85 142 143 144 146 146 145 145 145 146 144 146 146 146 146 146 147 146 147 148 147 147 146 145 145 145 144 143 144 142 141 142 141 137 26 26 24 26 25 24 25 20 20 100 133 134 133 133 133 132 130 129 129 128 127 126 126 124 124 124 123 120 121 119 118 116 114 114 112 111 109 107 106 104 103 101 101 99 97 97 94 
106 108 108 109 110 113 115 117 116 118 118 120 122 124 125 128 128 129 130 131 132 134 135 135 137 138 138 140 140 140 140 140 141 141 142 142 143 140 34 34 33 36 37 29 28 30 32 46 144 144 145 145 146 146 146 143 146 146 148 147 148 147 148 148 146 147 148 147 148 147 146 147 145 144 144 144 144 143 142 142 118 27 25 25 25 29 27 25 23 21 72 135 135 134 134 133 133 131 130 129 129 129 127 127 125 125 124 123 122 122 121 118 117 115 114 112 110 110 108 107 104 104 102 101 99 97 97 95 
106 108 108 109 110 114 115 117 117 118 119 121 122 125 125 128 128 129 130 132 133 134 136 137 138 139 139 140 140 140 141 141 141 142 142 142 142 140 33 34 36 35 36 31 28 30 33 31 143 146 146 146 146 146 147 146 147 147 147 147 148 148 148 148 149 147 147 148 147 148 147 148 146 145 146 146 144 145 143 143 90 27 25 26 26 26 23 23 22 21 76 137 136 136 135 134 134 133 132 130 130 128 127 127 125 125 125 123 122 123 121 120 117 116 115 113 112 110 109 107 106 104 103 102 100 99 96 95 
106 108 109 110 112 113 115 116 117 119 121 121 122 124 126 129 129 130 132 132 134 136 136 137 139 140 140 141 141 140 141 140 142 142 143 143 143 142 35 31 33 35 36 33 29 30 32 33 139 146 147 147 147 148 147 147 147 149 148 148 148 149 149 148 149 148 147 148 147 148 147 147 147 149 147 147 145 144 145 144 75 31 26 27 25 25 21 22 22 23 112 137 136 136 135 134 134 133 133 132 130 129 129 128 126 126 124 124 123 122 121 121 119 117 115 114 112 111 110 108 107 105 102 102 101 98 98 96 
107 109 109 110 112 115 116 116 118 119 122 123 123 125 127 128 130 131 131 133 135 137 137 138 139 140 141 141 141 141 141 141 141 142 142 143 144 144 36 29 29 38 33 33 32 33 31 34 136 147 147 148 148 148 149 147 149 148 147 147 139 146 148 149 149 148 148 150 149 148 148 148 147 147 149 148 148 145 145 145 95 35 34 31 29 25 25 23 32 59 138 139 138 137 136 135 134 132 132 133 131 129 130 127 128 126 124 124 124 122 121 121 120 118 116 115 113 111 111 109 108 107 104 102 101 99 99 97 
107 110 110 110 113 115 116 117 119 119 121 123 125 125 126 128 129 130 132 134 136 136 138 140 140 139 141 141 140 141 141 142 143 143 142 143 144 144 44 32 36 36 36 34 31 31 30 36 142 149 148 149 148 148 149 149 149 149 124 42 36 42 117 146 150 147 149 150 149 149 149 148 148 148 148 149 147 146 146 146 58 34 46 42 40 36 41 108 140 139 139 141 139 138 137 136 135 135 134 133 132 131 130 129 128 127 125 124 124 123 122 121 120 119 117 116 113 113 111 110 108 107 105 103 101 99 98 97 
109 108 110 112 114 117 118 118 119 119 122 124 126 126 127 129 131 130 133 133 138 138 137 140 140 140 140 141 142 141 142 143 143 143 143 144 145 145 67 36 32 35 39 39 38 35 36 32 148 147 149 150 149 149 147 150 149 139 39 32 33 29 31 38 120 149 149 149 151 149 149 149 150 149 149 150 150 147 146 147 96 50 47 47 44 69 140 142 141 143 139 139 141 139 138 138 137 136 135 134 133 131 130 130 128 127 126 125 124 124 123 122 120 120 118 117 115 113 111 110 109 107 105 103 101 101 99 97 
109 109 111 112 114 115 117 118 119 120 122 125 128 127 128 131 132 130 134 135 136 138 140 140 141 141 141 141 142 141 142 143 143 143 144 145 145 144 143 40 37 30 36 44 46 44 34 45 149 148 149 148 149 150 149 150 149 57 38 33 28 26 38 40 31 142 151 151 150 150 150 150 149 150 150 150 150 148 146 147 147 144 142 141 141 143 143 143 145 142 142 140 139 140 138 139 137 136 136 136 133 132 130 130 128 128 126 126 124 124 122 122 121 120 119 117 116 113 112 110 108 108 106 103 103 101 99 98 
108 109 112 112 114 115 117 119 120 121 123 125 127 127 129 131 132 132 135 136 136 138 140 141 141 141 141 141 142 143 143 144 144 144 144 145 145 145 147 138 42 35 32 40 53 57 41 51 148 148 150 149 149 150 148 149 135 33 36 26 29 30 32 34 33 71 150 152 151 151 151 150 151 150 150 150 151 150 149 150 149 149 147 146 145 146 146 145 144 145 143 143 141 139 138 140 138 137 135 135 133 133 132 130 130 128 127 126 126 124 123 122 122 120 119 118 116 113 113 111 109 107 106 105 104 101 100 98 
110 110 112 114 115 116 117 119 120 121 124 126 127 129 131 131 132 134 135 137 137 138 140 141 141 142 141 141 142 143 144 144 143 144 146 145 146 146 148 146 140 87 32 32 38 48 87 87 149 149 150 149 149 149 150 149 67 29 31 29 35 37 36 31 31 35 143 151 150 151 150 150 150 150 150 150 150 151 150 150 150 149 149 148 147 147 145 146 145 145 144 143 135 132 140 141 139 137 136 135 135 134 132 131 130 129 127 127 126 125 124 122 121 120 118 117 116 114 112 111 110 109 108 105 104 102 100 98 
111 111 113 114 115 116 119 120 121 122 124 126 127 129 130 131 132 134 135 137 138 140 141 142 142 143 142 142 143 143 145 144 145 145 144 144 145 145 147 147 148 147 138 125 114 137 147 144 149 149 149 149 149 150 151 151 55 30 32 31 32 25 33 32 36 30 91 150 151 151 150 151 150 151 151 150 150 152 151 152 150 149 149 149 148 147 148 146 145 145 98 58 28 30 56 137 141 139 137 136 136 135 133 133 132 130 129 128 126 124 124 121 121 121 119 116 116 115 114 112 110 109 108 106 105 103 100 98 
109 111 113 115 115 117 119 121 122 123 126 127 127 129 130 132 134 134 136 137 139 140 141 141 143 143 142 143 144 144 144 145 145 145 145 146 145 145 146 147 147 148 147 146 148 148 148 148 148 149 149 150 150 150 151 150 51 39 37 31 36 27 29 36 44 36 36 150 151 151 152 152 152 152 152 151 151 152 152 151 151 151 149 149 148 148 148 148 148 75 26 25 25 24 26 52 138 140 139 138 136 136 135 134 132 131 131 129 128 126 126 123 123 121 120 117 117 115 114 113 111 110 108 106 105 104 101 99 
109 111 113 115 117 118 119 122 122 123 126 127 128 129 130 133 135 136 138 138 139 140 141 142 142 144 143 143 144 144 145 145 145 146 145 146 146 146 146 147 147 147 147 147 148 148 148 148 148 149 149 150 150 150 149 150 57 42 43 37 35 35 46 42 50 47 44 151 151 152 152 152 151 153 152 153 152 152 152 152 151 151 150 149 149 149 148 148 116 28 28 26 24 26 22 25 68 141 139 139 138 137 136 135 134 133 132 131 129 127 126 125 124 122 121 118 118 116 115 113 111 111 109 107 105 104 101 100 
111 112 114 115 117 117 120 122 123 125 127 127 129 130 133 135 135 137 138 139 140 139 141 142 143 144 143 144 143 144 144 145 146 148 146 146 147 146 147 147 148 148 147 148 148 149 148 148 148 148 149 150 149 149 150 150 103 42 50 52 37 37 41 37 48 52 43 152 152 153 152 153 152 153 152 153 151 152 153 152 152 151 151 151 151 150 149 147 47 25 26 27 27 31 27 27 27 120 141 139 138 136 136 135 133 132 133 130 130 128 126 125 124 122 121 120 117 117 115 113 111 111 110 109 105 104 102 101 
112 113 116 116 118 119 120 121 124 126 128 128 130 129 132 135 136 136 138 140 140 142 143 143 145 144 145 145 144 145 145 145 146 146 146 147 147 147 148 147 148 148 147 149 149 149 148 148 148 149 149 149 150 150 152 151 148 39 44 46 44 49 48 53 60 54 45 152 152 153 152 153 153 153 154 153 153 153 153 152 152 152 152 151 151 150 150 148 29 36 28 29 30 34 28 26 25 51 139 140 139 137 137 136 134 133 132 131 130 129 128 125 124 122 122 121 118 117 115 115 112 111 109 108 106 104 102 101 
112 113 115 118 118 120 120 122 123 126 128 128 130 131 134 135 137 137 139 141 140 142 141 143 144 145 146 145 146 146 145 147 147 147 146 146 147 148 149 147 149 148 148 149 149 148 148 150 149 150 150 149 151 151 150 149 149 126 36 45 50 69 67 54 48 45 39 152 153 154 154 155 154 154 155 153 155 154 152 153 153 153 151 151 151 151 149 146 28 30 41 33 30 33 27 32 30 31 132 140 139 139 138 137 135 134 133 132 130 128 127 126 125 123 122 121 119 118 116 115 112 111 109 108 105 104 104 103 
112 115 116 117 120 119 121 122 124 125 127 130 131 132 134 135 136 138 138 140 141 142 142 144 145 146 145 145 146 146 148 146 148 148 149 148 148 148 149 149 149 149 149 150 149 149 149 150 150 150 150 151 151 150 150 151 151 150 132 73 39 43 45 52 47 51 105 154 154 155 154 155 155 154 154 155 155 155 154 154 153 152 152 151 151 151 151 148 46 41 40 35 32 28 30 28 26 26 91 141 140 139 138 137 135 133 132 131 131 129 128 125 125 124 122 121 119 118 116 114 113 111 110 108 106 104 103 102 
114 115 116 118 120 120 122 124 124 126 127 129 130 133 134 136 137 138 139 140 141 142 143 144 144 144 146 146 146 147 148 147 148 149 148 149 148 150 150 149 149 148 149 149 149 149 149 150 150 151 150 151 151 151 152 151 152 152 153 152 141 131 129 134 138 147 154 154 154 155 155 155 154 155 155 155 155 155 154 154 154 153 152 152 152 151 149 147 59 35 36 34 34 25 28 28 26 26 43 141 140 139 138 138 136 134 133 131 131 130 129 126 125 125 122 121 119 118 116 114 113 111 109 108 107 106 104 103 
114 115 116 119 119 121 122 123 126 127 129 129 130 133 135 136 136 137 139 140 141 142 143 144 145 146 147 146 146 148 147 147 149 148 149 149 148 149 149 150 149 149 151 151 151 150 150 150 151 151 150 150 152 151 152 152 153 153 153 153 152 154 153 154 153 155 156 156 155 156 155 156 155 155 156 156 154 155 155 154 154 154 153 153 152 151 151 151 125 33 40 33 34 25 30 28 28 25 35 141 141 140 138 138 136 135 134 132 131 130 129 127 125 125 123 122 120 118 117 115 114 112 110 107 106 105 103 102 
114 116 117 119 120 121 122 125 127 127 130 130 133 134 135 137 137 139 139 140 142 143 144 145 145 147 146 146 147 148 147 146 148 149 148 149 149 150 150 150 150 150 150 151 151 150 151 151 151 151 151 151 152 152 153 153 153 153 154 153 153 154 155 154 156 156 155 156 155 156 156 157 156 157 157 157 156 156 156 155 156 155 153 153 153 151 149 149 148 55 41 40 43 31 29 33 30 28 29 141 140 140 140 138 136 136 134 132 132 130 129 127 126 125 124 122 120 118 117 114 114 112 111 107 107 105 104 102 
114 116 117 118 121 121 124 126 128 127 129 132 134 135 136 138 137 140 142 143 143 145 145 145 148 147 145 146 147 148 148 147 149 150 149 149 149 150 149 150 151 149 151 151 151 152 152 151 151 151 151 151 153 152 153 152 153 153 153 154 154 154 154 155 155 157 156 155 156 155 156 157 157 157 157 156 156 156 155 154 153 154 153 153 151 151 150 149 150 136 44 60 48 34 30 32 31 28 40 141 139 139 139 138 137 136 134 133 132 130 129 127 127 127 124 123 120 119 118 115 113 112 111 109 107 106 104 103 
114 117 118 119 121 122 124 126 128 128 130 132 134 136 137 138 138 141 142 142 144 145 146 146 147 148 147 148 147 150 150 148 150 151 151 150 151 149 150 151 151 151 151 151 152 152 151 152 151 151 151 150 152 153 152 153 154 154 155 155 155 156 156 155 155 156 157 157 155 157 157 157 157 157 157 157 155 156 157 154 155 155 155 154 152 152 151 150 151 150 112 54 97 58 42 30 29 29 99 140 141 141 139 139 138 137 135 134 132 132 130 128 127 127 125 124 121 120 118 116 113 113 111 109 108 107 103 102 
114 118 119 120 121 124 125 128 128 130 130 133 135 136 137 137 139 142 142 144 144 146 148 146 150 151 149 150 148 151 151 149 150 151 152 152 151 150 152 152 153 152 152 152 153 152 152 152 153 154 152 153 153 154 153 154 155 155 157 156 157 157 156 157 158 157 157 155 157 157 157 157 156 156 157 157 156 157 158 157 156 155 155 155 153 153 153 152 152 152 148 113 90 89 56 42 32 37 140 143 141 141 140 138 137 137 134 134 133 131 131 129 127 127 125 124 122 120 118 116 115 113 111 109 108 107 104 103 
115 118 119 120 122 124 126 127 128 131 131 134 136 138 139 140 139 143 144 144 145 147 149 148 151 151 152 151 151 152 152 152 152 151 153 152 151 152 152 152 154 153 153 152 153 154 153 153 153 153 153 155 155 153 155 155 156 157 156 157 157 158 157 157 157 157 156 156 158 158 157 157 156 158 157 156 156 157 158 157 156 156 155 154 154 153 155 153 152 152 151 151 128 55 45 46 39 137 146 144 142 141 139 140 138 135 135 135 133 132 131 130 128 126 126 124 123 120 119 117 115 113 111 110 108 108 104 104 
116 118 119 120 122 125 126 128 129 132 133 134 137 138 140 140 139 143 145 144 147 147 149 149 150 151 153 150 152 152 152 152 154 152 153 152 153 153 153 152 153 153 154 152 152 154 153 153 154 155 155 155 156 155 156 156 157 158 156 158 158 159 158 158 158 158 157 156 158 159 157 157 159 159 140 63 57 58 68 144 156 157 154 154 155 154 154 153 152 153 151 150 148 142 116 42 67 146 145 144 141 141 140 139 137 137 137 134 134 132 132 130 129 128 126 124 122 121 120 118 115 113 111 111 108 107 106 104 
117 118 120 121 123 124 127 128 129 132 134 135 137 138 139 140 140 143 144 145 147 148 150 150 151 151 152 152 153 153 153 154 155 153 153 154 154 154 154 154 154 156 154 153 153 154 154 154 156 156 155 157 157 157 158 157 157 158 156 158 158 158 159 158 158 158 159 157 159 158 160 159 160 111 42 40 44 45 48 51 135 157 155 156 155 155 155 154 153 152 152 151 150 148 148 145 142 147 146 145 142 140 142 140 138 138 136 136 134 133 132 130 129 128 126 124 122 121 121 117 115 114 113 111 109 108 106 104 
117 119 121 121 123 125 128 128 129 133 134 136 137 138 139 140 139 144 145 147 148 150 150 151 153 153 153 154 154 153 153 155 154 155 155 154 154 155 154 153 154 155 155 155 154 154 154 155 157 157 156 157 157 156 158 158 158 157 157 157 158 158 158 158 159 160 159 158 159 158 160 160 156 41 38 42 42 45 45 47 51 157 157 156 156 154 155 154 154 153 152 151 149 150 148 147 146 146 144 145 145 141 141 139 139 137 137 135 135 133 131 130 129 128 127 125 122 121 120 118 117 115 113 111 110 109 106 105 
117 119 121 122 124 126 128 129 130 133 135 136 137 137 139 140 139 145 146 147 149 150 151 152 153 153 153 153 154 155 152 156 156 155 156 156 156 156 155 154 156 156 156 155 156 154 154 155 157 157 155 155 157 156 158 158 158 157 158 157 158 158 158 159 159 160 159 158 159 159 159 160 81 39 31 41 47 44 45 43 38 148 156 156 156 154 156 155 154 153 153 152 149 151 148 150 147 146 146 145 145 143 140 139 139 138 136 136 135 131 131 130 128 127 126 125 122 120 120 119 117 115 113 112 111 109 106 105 
118 119 121 123 124 126 127 129 131 133 135 137 137 138 139 141 142 144 145 148 150 150 151 152 153 152 154 154 156 155 156 155 155 155 156 156 156 157 155 155 156 156 156 156 155 156 156 157 157 157 158 160 158 159 158 159 159 159 159 158 158 159 160 159 159 158 158 159 159 160 161 119 41 32 39 43 43 45 48 48 43 120 157 158 157 156 155 155 155 155 153 154 151 152 151 150 147 148 145 146 144 145 142 140 140 139 138 136 137 133 132 130 128 128 126 125 123 121 121 118 117 117 113 113 111 109 108 107 
118 120 122 122 124 125 126 129 131 132 135 138 138 139 140 142 142 143 146 148 150 150 151 152 153 153 153 155 156 156 156 156 157 157 156 156 157 157 156 157 157 157 157 157 158 158 158 159 158 158 159 159 159 159 159 159 160 160 159 161 159 159 160 160 162 160 160 162 161 161 155 36 38 37 39 40 35 46 49 47 44 67 160 157 157 157 156 156 157 155 155 153 153 153 151 149 149 149 147 146 146 144 142 142 141 138 138 137 136 135 132 132 129 129 126 127 125 120 121 119 117 117 115 113 110 108 108 106 
118 120 122 124 126 126 128 130 131 133 136 138 139 140 141 142 142 144 147 149 151 151 152 152 153 154 156 156 156 156 157 157 156 157 157 157 157 158 158 158 158 158 159 158 159 159 159 158 158 158 159 160 160 160 160 159 161 160 160 161 161 161 161 160 161 161 161 161 160 161 107 32 41 40 35 27 38 36 40 49 44 58 160 156 157 158 156 158 156 155 156 153 154 154 151 149 149 149 148 147 146 144 142 143 140 141 139 139 136 133 134 133 130 129 127 126 125 120 121 119 118 117 115 113 111 108 107 106 
119 120 121 124 125 126 128 131 132 134 137 137 139 140 142 143 144 144 148 150 150 150 152 154 153 156 156 156 157 156 157 157 157 157 157 157 157 158 159 158 159 158 158 158 159 158 159 159 160 159 159 160 159 160 160 161 161 161 160 160 162 162 161 160 160 160 160 161 161 160 83 31 47 50 74 33 40 34 40 48 44 59 160 155 158 158 157 157 156 156 156 155 155 155 152 150 149 149 149 148 145 143 141 144 142 140 138 138 137 134 135 133 131 131 129 127 126 122 121 119 119 116 115 113 111 110 108 106 
118 120 122 125 126 127 128 131 133 134 136 137 139 140 142 143 145 146 148 149 150 151 152 154 154 156 156 156 156 156 157 157 156 157 157 158 158 158 158 159 158 160 160 159 158 158 158 159 159 159 159 159 160 160 161 160 161 160 161 161 160 162 161 161 161 161 160 161 161 159 121 39 44 43 60 39 41 46 50 42 44 68 159 158 160 159 159 157 159 157 156 157 154 154 153 152 151 149 149 148 148 146 146 144 142 141 140 139 139 135 135 135 132 130 130 127 125 123 122 120 118 117 115 114 112 110 110 108 
118 121 123 125 125 127 130 131 133 134 137 138 138 140 141 143 145 146 148 149 151 151 153 153 155 156 155 157 158 158 157 158 157 157 158 160 159 159 159 158 158 160 159 159 159 158 158 160 159 159 159 160 160 160 161 162 161 161 161 160 161 162 161 162 161 161 161 161 161 161 144 38 55 35 50 46 44 42 44 47 49 88 161 160 160 159 159 158 159 158 157 157 154 155 154 153 152 151 150 148 148 146 146 145 143 142 140 140 139 137 135 134 133 131 129 127 126 123 122 120 118 118 116 115 112 111 109 107 
118 120 123 125 125 127 130 132 133 134 137 138 139 140 141 143 145 146 148 150 151 151 153 154 155 156 157 157 157 157 157 158 158 158 158 158 158 158 159 160 160 160 159 160 160 159 160 160 159 160 160 161 161 161 161 161 161 161 161 160 161 162 162 162 162 161 160 161 162 162 161 59 49 46 45 47 43 38 42 51 45 145 160 160 160 159 158 159 160 158 158 157 156 155 155 153 152 152 150 149 148 147 146 144 144 142 140 140 138 137 134 134 133 131 129 128 126 124 123 120 118 118 118 116 114 111 109 108 
119 121 123 125 127 127 129 132 134 136 136 138 138 140 142 144 146 147 149 150 150 152 153 154 155 156 156 157 157 158 158 158 158 158 159 159 159 159 160 160 160 160 160 160 160 159 160 161 160 160 160 161 161 161 161 161 162 161 162 162 162 163 161 162 162 162 162 161 161 162 163 132 42 42 43 44 45 44 49 45 59 162 160 160 160 159 159 159 158 158 158 157 157 156 154 154 153 152 151 149 148 146 146 145 144 143 141 141 139 138 134 135 133 131 130 129 127 126 123 121 119 118 118 117 115 113 110 108 
120 122 123 125 126 128 130 132 135 135 137 138 138 140 142 143 146 147 149 150 151 153 152 153 155 155 156 157 158 158 158 159 158 159 159 160 158 159 160 159 160 160 160 160 160 161 160 161 160 161 161 162 162 161 161 162 162 162 163 162 163 163 162 162 162 163 164 162 162 163 161 161 121 42 39 36 42 44 46 50 140 160 160 161 160 160 159 159 159 159 158 158 157 157 156 154 153 152 151 151 149 147 146 145 144 143 141 140 138 138 135 135 133 132 131 129 127 126 124 122 120 118 118 117 115 113 111 109 
121 121 125 126 127 128 130 132 134 135 136 137 140 141 142 143 146 147 149 150 152 154 153 154 156 157 158 159 158 160 159 158 159 159 160 160 159 159 160 162 161 161 160 161 161 161 160 160 161 162 162 164 163 162 163 163 163 163 162 164 164 164 163 164 164 164 164 163 163 163 161 163 163 151 90 58 39 45 49 111 163 161 162 161 161 160 161 159 160 159 158 159 158 158 156 155 155 152 151 150 148 146 147 146 143 143 143 141 140 139 136 134 133 133 131 129 126 126 124 123 119 120 117 117 115 113 111 109 
122 123 124 125 127 129 131 132 134 135 136 138 140 142 143 144 147 148 149 150 151 153 154 154 155 156 158 158 159 160 160 158 159 160 161 161 160 160 160 161 161 162 161 161 160 160 161 161 163 163 162 162 163 162 163 164 163 164 163 164 164 164 165 164 164 163 165 165 165 165 164 163 163 163 162 163 150 141 155 164 164 162 162 162 162 162 161 160 160 159 158 159 158 158 156 156 155 153 153 151 149 148 148 145 144 144 141 141 140 139 136 134 135 133 133 129 127 127 126 123 121 120 117 116 114 113 112 110 
121 122 125 125 127 128 130 132 134 135 136 138 140 141 142 145 147 148 150 151 152 153 154 154 155 156 158 158 159 160 160 159 160 161 161 161 161 161 160 161 161 163 163 162 160 162 163 163 163 163 163 163 163 163 163 164 165 164 165 166 165 166 166 166 165 165 165 165 164 165 164 165 164 163 164 163 164 164 162 164 163 162 163 161 162 161 162 161 160 159 159 159 158 157 157 156 155 153 152 150 149 150 146 147 144 142 143 142 140 139 138 133 132 133 131 129 128 128 124 123 122 119 118 116 113 113 111 109 
121 122 125 126 128 129 130 132 134 135 137 139 140 142 143 145 147 148 150 151 153 153 154 155 156 157 158 158 158 159 160 159 161 161 161 161 161 162 162 163 163 164 163 163 162 163 164 164 163 163 163 163 164 164 165 165 165 163 165 165 165 165 165 166 165 165 164 165 164 165 165 164 164 164 163 164 163 165 165 164 163 163 163 162 163 162 161 161 160 160 158 159 158 157 156 156 154 154 153 152 150 149 148 147 145 143 143 142 141 140 138 136 135 131 131 129 127 127 124 123 122 120 118 116 114 113 111 111 
122 122 124 126 128 129 130 132 134 135 138 139 141 142 143 144 146 148 149 151 153 153 155 155 156 156 158 159 160 159 160 161 161 161 161 161 162 162 163 163 163 163 163 162 164 163 164 165 163 162 164 163 165 165 166 166 165 165 165 166 167 165 166 166 166 166 166 166 165 165 165 165 164 164 164 164 165 166 164 165 164 164 163 163 163 163 163 162 161 160 160 160 159 158 157 157 155 155 153 152 150 150 149 147 145 144 143 143 141 141 138 138 135 133 131 128 128 127 126 124 122 120 119 117 115 113 112 110 
121 123 125 126 128 129 130 132 134 137 139 140 141 143 144 145 148 148 149 151 152 153 155 156 156 157 158 158 160 159 161 161 162 163 163 161 162 162 163 164 163 163 163 164 164 164 165 166 165 164 165 165 165 165 167 166 166 166 166 166 167 167 166 166 167 167 167 166 167 166 166 165 165 165 165 165 165 166 165 164 164 164 165 164 163 163 163 162 160 160 160 160 159 158 157 156 155 155 154 153 151 150 148 147 145 143 143 143 141 140 138 137 136 134 131 130 129 126 125 124 122 120 119 117 116 114 112 110 
121 123 125 126 128 128 130 132 135 137 138 139 142 143 144 145 147 149 150 152 151 154 154 156 156 158 158 160 158 160 161 162 162 162 163 163 164 163 164 164 163 164 163 164 164 166 166 166 165 165 166 166 167 166 167 167 167 166 166 167 167 167 167 168 167 167 167 167 168 167 167 166 166 166 165 165 166 165 166 166 165 164 166 164 163 162 163 163 161 160 160 160 160 159 157 156 155 155 154 153 152 150 148 148 146 144 143 143 140 140 139 138 136 135 130 130 129 128 126 124 123 120 119 117 116 114 113 110 
122 123 125 127 128 129 130 133 136 137 139 140 141 143 145 146 148 150 150 151 151 153 154 156 157 158 158 159 159 160 161 162 162 162 162 164 165 164 165 164 165 165 164 165 166 167 166 166 166 166 166 167 168 166 167 167 168 167 167 167 166 167 167 168 168 168 169 169 168 169 167 167 166 165 166 166 167 166 167 166 167 165 165 164 164 163 163 162 162 160 161 160 160 160 158 157 155 155 154 153 153 150 148 147 146 145 144 143 141 140 139 138 136 134 131 130 129 127 126 125 123 121 120 117 116 114 113 111 
122 125 125 127 129 130 132 133 136 138 139 140 142 143 145 146 148 148 151 151 152 152 155 156 157 158 159 159 160 161 162 161 162 163 162 164 166 166 167 166 164 166 165 165 165 166 166 166 166 167 167 167 168 167 168 169 168 167 167 167 169 168 169 169 168 167 169 168 168 168 168 168 167 167 166 167 168 165 166 166 166 166 165 164 165 165 164 164 162 162 162 160 161 159 158 157 156 156 153 152 153 151 148 148 146 144 144 142 142 140 139 138 137 133 133 130 130 128 126 125 122 122 121 118 117 115 112 111 
122 123 125 127 129 131 132 134 136 138 139 141 142 143 145 146 148 149 151 151 152 153 156 156 158 159 160 161 162 161 163 162 164 164 165 166 166 166 167 166 166 166 167 166 167 167 167 168 168 168 168 168 170 170 168 168 168 168 169 169 170 169 169 169 169 170 169 169 168 168 167 168 168 167 167 168 168 167 166 166 167 165 165 164 165 165 164 163 163 162 162 161 161 160 158 158 156 155 154 153 152 150 149 148 146 144 144 142 141 141 140 138 136 136 133 131 130 128 127 126 123 122 120 120 116 116 114 112 
122 124 125 127 130 132 133 135 136 138 139 141 142 143 145 147 148 149 150 151 154 154 156 156 158 159 160 161 163 163 163 163 164 165 165 166 166 167 166 167 166 167 167 167 167 168 167 168 169 168 167 168 169 169 168 168 168 168 168 170 170 170 170 169 169 168 170 169 169 168 168 169 168 168 167 168 168 167 166 166 166 167 166 166 166 165 165 163 163 162 162 161 160 159 158 158 156 155 154 154 153 151 149 149 146 145 143 141 141 141 140 139 137 136 134 132 130 129 126 125 124 123 121 120 117 116 115 112 
123 125 125 127 131 132 133 135 137 138 139 140 142 143 145 146 148 150 151 151 154 154 157 157 158 159 160 161 162 163 163 164 165 165 165 166 166 166 166 166 167 166 167 168 167 167 169 170 169 169 169 169 169 169 167 168 168 168 168 170 170 170 170 170 169 170 170 170 169 169 169 169 168 168 167 168 168 168 168 167 167 166 167 166 166 165 164 164 163 164 163 162 161 160 158 157 156 156 154 153 152 151 150 149 147 145 144 143 141 141 139 139 137 136 135 133 130 129 128 125 124 122 121 120 118 117 115 112 
123 124 125 127 130 132 134 136 137 138 139 140 141 143 145 147 148 150 151 151 154 154 156 157 159 160 161 161 163 163 164 165 166 166 166 165 166 166 168 166 169 167 168 170 169 169 169 169 169 169 169 169 170 169 169 169 169 171 169 170 171 170 171 171 171 170 171 170 169 170 170 170 169 169 169 170 169 170 169 167 167 168 166 165 164 165 165 164 164 164 162 161 160 160 159 158 156 156 155 153 152 151 150 147 149 145 144 144 141 141 141 139 138 136 134 132 129 128 127 127 124 124 121 120 118 116 114 113 
123 124 126 128 130 133 134 136 137 139 139 140 141 143 146 146 148 150 151 152 154 155 157 158 159 160 160 161 162 164 164 165 165 166 165 166 166 167 168 168 168 168 169 170 171 170 169 169 170 169 169 170 171 170 170 170 171 170 170 170 170 171 171 171 171 170 170 171 171 170 171 171 170 170 170 170 170 170 170 169 168 168 167 167 167 166 164 165 165 164 162 161 161 160 159 159 157 156 155 154 153 151 151 148 147 145 144 143 141 142 140 139 138 136 134 133 130 128 126 126 124 123 121 119 118 117 114 113 
122 125 127 128 130 133 133 136 136 138 138 141 142 144 146 147 148 149 151 152 154 154 155 157 159 159 161 161 162 164 164 165 166 166 166 166 167 169 168 168 168 169 170 171 170 170 170 170 170 170 169 170 170 171 171 171 171 171 171 171 172 172 172 172 172 171 171 171 171 172 172 171 171 171 171 171 171 170 170 169 169 169 168 167 167 166 165 165 165 164 163 162 161 161 160 159 157 157 155 154 154 152 151 149 147 146 144 144 142 141 140 139 138 137 134 133 131 129 127 126 124 123 122 119 119 116 114 112 
122 125 126 128 131 132 132 135 136 138 141 140 142 143 146 146 149 150 151 153 153 155 155 157 159 159 161 161 164 163 163 164 166 166 167 167 168 169 169 169 169 170 170 171 170 170 170 170 171 171 170 170 171 172 172 171 172 172 172 172 172 172 171 172 172 172 171 173 172 172 172 171 172 171 172 171 171 171 170 169 170 170 169 169 167 167 167 166 164 164 163 163 162 161 160 158 157 156 155 154 154 152 151 150 148 147 144 143 142 141 140 139 137 136 134 132 130 129 127 127 124 123 122 120 118 117 114 113 
124 124 128 129 130 132 131 135 137 137 140 141 142 144 146 148 149 150 151 153 155 154 156 157 158 161 160 162 164 162 165 166 165 168 168 169 169 170 169 169 170 170 171 172 171 171 171 171 171 171 171 171 171 173 172 172 172 172 173 172 172 172 171 172 172 173 173 173 172 172 173 171 172 172 172 171 170 171 170 170 171 170 169 168 167 167 167 166 165 165 163 163 161 161 160 158 158 157 155 155 154 152 152 150 149 147 145 143 142 142 140 140 138 137 134 132 131 129 128 127 124 123 122 120 118 119 115 115 
124 126 128 129 131 131 130 136 137 138 138 141 144 145 147 148 149 150 151 154 155 154 157 157 158 161 161 162 164 162 166 166 167 168 169 170 170 170 169 170 170 170 170 171 170 170 171 170 172 171 172 172 172 173 174 173 172 172 173 173 172 173 173 173 173 173 173 173 173 173 173 172 173 172 172 171 170 170 171 171 171 170 170 168 167 168 168 165 164 164 163 163 163 163 160 159 159 158 156 156 154 153 152 149 148 148 146 144 142 143 141 140 138 137 135 133 129 129 127 127 124 123 122 120 118 117 116 115 
124 127 129 130 132 132 131 135 137 138 139 140 144 145 147 148 148 150 151 153 154 154 156 157 159 161 162 162 163 162 164 165 166 168 169 170 170 170 170 170 170 171 170 170 172 171 171 172 171 171 174 172 173 173 173 174 173 175 174 174 174 174 173 173 173 173 174 174 173 173 173 173 173 173 172 172 172 172 171 170 171 170 169 169 169 168 167 165 165 164 164 163 164 163 161 160 158 157 156 154 153 152 151 150 149 148 147 144 143 142 140 139 138 137 135 133 132 128 127 126 123 122 122 120 119 118 115 115 
124 128 128 129 131 132 132 136 138 139 140 139 144 145 147 148 149 150 152 153 154 155 156 158 160 161 162 163 164 161 165 165 166 168 169 170 170 170 171 170 170 171 172 172 171 173 172 173 173 172 173 174 173 175 174 174 174 173 175 174 174 174 174 174 175 174 174 174 173 173 173 173 173 173 172 171 171 171 171 171 170 171 169 169 169 168 168 165 165 165 164 163 163 163 161 160 158 157 156 155 153 152 150 151 148 148 147 146 143 143 141 140 138 137 135 133 132 129 127 126 124 123 122 120 119 118 116 115 
125 126 128 130 131 133 133 136 138 139 141 141 143 145 146 148 149 150 153 154 154 155 157 158 160 161 162 164 162 162 164 165 166 167 169 170 170 170 171 171 172 172 173 171 172 173 173 173 173 173 175 174 173 173 174 172 174 174 175 175 174 174 173 174 175 175 173 174 173 173 173 174 172 173 173 171 171 172 172 171 170 171 171 170 170 168 167 166 166 165 164 163 163 163 161 160 158 157 156 156 153 152 151 151 150 148 147 146 144 142 141 140 138 137 135 134 132 130 128 126 125 122 122 121 120 119 117 115 
125 126 128 130 132 132 133 136 138 139 141 142 143 146 147 148 149 151 154 153 154 155 156 158 161 160 162 164 164 163 165 165 167 168 169 170 170 170 170 170 172 172 172 172 172 174 174 173 174 173 175 176 175 174 174 173 174 175 175 174 174 173 174 175 175 175 173 174 174 174 174 174 173 174 174 173 172 172 173 172 171 171 171 171 169 168 168 166 167 165 165 164 164 162 161 160 159 157 156 155 153 153 152 151 150 148 147 146 145 144 141 140 139 137 136 134 132 130 128 125 125 123 122 121 120 119 117 115 
125 125 129 130 132 133 134 137 138 140 140 141 143 146 147 149 150 152 153 153 154 156 158 158 160 161 161 164 164 163 165 165 168 168 170 171 171 171 171 171 172 173 173 173 173 174 175 174 175 175 175 176 175 175 175 175 174 175 175 175 175 174 175 176 176 175 173 175 174 175 174 173 174 174 174 173 172 173 173 172 171 171 170 170 170 168 168 167 166 165 165 164 164 162 161 160 158 158 156 155 153 153 153 151 150 149 147 146 145 143 141 140 138 137 135 133 131 130 128 126 124 123 122 121 120 119 117 116 
126 126 129 128 131 132 133 136 138 140 140 141 143 146 147 149 150 152 153 153 154 157 159 159 160 161 160 164 164 165 165 166 168 169 171 172 172 171 172 172 173 173 174 174 174 174 175 175 174 176 175 175 175 175 175 176 175 175 176 176 176 175 175 175 177 176 174 174 174 174 174 174 174 173 174 174 174 173 172 172 172 172 171 171 169 167 166 167 165 164 163 163 164 162 161 160 158 158 156 155 154 153 152 151 150 148 147 145 144 142 141 139 138 136 136 134 132 131 128 126 125 123 123 121 119 119 117 116 
126 127 129 130 132 133 132 136 139 140 141 141 143 146 147 149 150 152 153 154 155 158 158 160 160 160 160 164 164 165 166 165 168 170 170 171 172 172 171 172 174 173 174 174 175 174 175 176 174 174 174 176 176 176 175 176 177 176 176 177 177 176 176 176 176 176 174 175 176 174 173 174 174 173 174 174 174 174 172 172 172 172 171 170 168 168 167 167 167 165 163 163 163 161 160 160 158 158 157 155 154 153 153 150 150 148 147 146 143 142 142 139 139 136 136 134 132 131 128 126 124 123 122 121 121 119 117 116 
126 127 130 131 131 134 133 137 139 140 142 140 141 145 148 150 151 152 153 154 154 158 159 160 159 161 160 163 165 165 166 165 169 169 170 171 173 173 172 172 174 175 174 174 174 174 176 175 176 174 176 176 176 176 176 177 177 177 178 177 176 177 176 176 178 178 176 177 177 175 175 174 174 174 173 174 174 174 172 173 173 172 171 171 170 168 167 166 167 164 167 164 163 163 160 158 158 157 157 156 154 154 153 150 150 147 147 146 144 143 141 138 139 137 135 133 132 132 129 127 125 123 123 122 119 120 118 117 
127 127 130 131 132 133 134 138 139 140 142 143 144 147 147 149 151 152 153 154 155 157 159 160 161 161 161 163 167 167 166 168 169 170 171 172 172 172 172 172 174 175 175 175 174 175 176 177 176 176 177 177 178 177 177 176 178 179 178 178 177 177 176 177 177 177 177 177 176 176 174 176 175 175 175 174 174 174 174 173 173 173 172 172 171 170 169 167 166 166 165 165 163 162 162 159 158 156 157 154 155 154 152 150 150 148 146 146 145 144 141 139 140 138 135 134 133 132 128 127 126 125 124 123 120 121 117 117 
127 129 130 132 132 134 135 138 139 140 142 143 145 147 148 149 151 152 153 155 153 157 159 160 161 162 160 161 167 166 168 169 170 171 172 172 172 172 173 173 174 175 175 175 175 175 176 176 177 177 178 177 177 177 177 177 177 180 179 178 178 178 177 178 179 178 178 177 176 175 175 176 175 174 175 175 174 174 174 173 173 172 172 171 170 168 168 167 165 167 165 165 165 162 162 159 157 157 156 154 154 154 154 152 150 149 147 146 144 142 142 140 139 138 134 135 133 131 129 128 126 126 124 124 122 121 118 117 
127 129 130 130 132 134 135 139 139 141 141 142 144 146 148 149 151 152 153 153 155 157 159 160 161 161 161 162 166 166 169 170 171 171 171 172 173 172 173 173 174 174 175 175 175 175 176 177 177 177 178 178 178 177 178 178 178 180 180 181 180 179 178 179 179 179 179 178 178 177 176 176 176 175 175 175 174 174 174 174 173 173 173 172 171 169 167 167 166 168 167 165 164 163 161 159 157 158 157 155 152 153 153 152 151 149 148 145 144 142 142 141 139 138 134 135 133 132 130 128 125 125 124 124 123 121 120 116 
127 129 131 132 132 134 135 138 139 140 142 142 144 146 147 148 151 152 153 153 156 157 159 161 161 161 161 161 166 166 168 169 170 170 171 172 173 173 174 174 174 174 175 175 176 176 176 176 177 177 178 178 178 178 178 177 179 179 180 180 180 179 179 179 179 179 179 178 178 177 177 176 177 176 175 176 175 174 174 174 174 173 172 172 171 169 168 168 167 167 165 165 164 164 162 160 159 158 156 153 154 153 153 153 151 149 147 144 142 142 141 139 139 137 135 133 133 132 130 128 126 126 124 123 122 121 119 117 
